total_force_mae :  0.0037733971500801848 eV/Å
total_potential_mae :  0.0029857494021377057 eV/Å
