total_force_mae :  0.005892900923529158 eV/Å
total_potential_mae :  0.0025139541155863483 eV/Å
