total_force_mae :  0.005081247657614513 eV/Å
total_potential_mae :  0.007673071334554887 eV/Å
