total_force_mae :  0.005340040467761416 eV/Å
total_potential_mae :  0.002036321098792095 eV/Å
